#  index  lambda  kappa  tanbeta   mu/GeV  Alam/GeV  Akap/GeV  DeltaLambda2  M1  M2  mh125/GeV  mH/GeV  mhS/GeV  C_h125^SM  C_h125^NSM  C_h125^S  C_H^SM  C_H^NSM  C_H^S  C_hS^SM  C_hS^NSM  C_hS^S  failFlag
57  6.393842E-01  -6.393842E-02  3.000000E+00  -4.347073E+02  -1.535966E+03  -6.185365E+02  1.191925E-01  1.000000E+03  1.000000E+03  1.249448E+02  1.475990E+03  NAN  -9.999995E-01  1.254592E-04  -1.020293E-03  -1.856421E-04  -9.982460E-01  5.920149E-02  -1.011076E-03  5.920165E-02  9.982455E-01  0
3  6.393842E-01  -6.393842E-02  3.000000E+00  -4.793916E+02  -1.693850E+03  -6.069008E+02  1.191925E-01  1.000000E+03  1.000000E+03  1.248957E+02  1.626844E+03  NAN  -9.999994E-01  1.115756E-04  -1.120567E-03  -1.716298E-04  -9.985551E-01  5.373646E-02  -1.112953E-03  5.373661E-02  9.985545E-01  0
19  6.393842E-01  -6.393842E-02  3.000000E+00  -4.470430E+02  -1.579552E+03  -6.038218E+02  1.191925E-01  1.000000E+03  1.000000E+03  1.250198E+02  1.517817E+03  NAN  -9.999988E-01  1.037942E-04  -1.563283E-03  -1.936216E-04  -9.983414E-01  5.757073E-02  -1.554714E-03  5.757096E-02  9.983402E-01  0
72  6.393842E-01  -6.393842E-02  3.000000E+00  -4.670975E+02  -1.650411E+03  -5.686787E+02  1.191925E-01  1.000000E+03  1.000000E+03  1.251278E+02  1.585450E+03  NAN  9.999993E-01  -7.843782E-05  1.217466E-03  -1.454949E-04  -9.984766E-01  5.517723E-02  -1.211284E-03  5.517737E-02  9.984758E-01  0
25  6.393842E-01  -6.393842E-02  3.000000E+00  -4.214082E+02  -1.488976E+03  -5.241245E+02  1.191925E-01  1.000000E+03  1.000000E+03  1.250588E+02  1.430448E+03  NAN  -9.999983E-01  9.727281E-05  -1.867148E-03  -2.112795E-04  -9.981282E-01  6.115659E-02  -1.857704E-03  6.115688E-02  9.981264E-01  0
54  6.393842E-01  -6.393842E-02  3.000000E+00  4.912842E+02  1.735871E+03  7.498246E+02  1.191925E-01  1.000000E+03  1.000000E+03  1.250956E+02  1.663639E+03  NAN  -9.999995E-01  1.433409E-04  9.772335E-04  -1.945707E-04  -9.986142E-01  -5.262649E-02  9.683357E-04  -5.262665E-02  9.986138E-01  0
2  6.393842E-01  -6.393842E-02  3.000000E+00  3.974863E+02  1.404452E+03  3.736753E+02  1.191925E-01  1.000000E+03  1.000000E+03  1.250509E+02  1.345155E+03  7.142857E+01  -9.999921E-01  5.700747E-05  3.972724E-03  -3.166384E-04  -9.978602E-01  -6.538344E-02  3.960496E-03  -6.538419E-02  9.978523E-01  1
64  6.393842E-01  -6.393842E-02  3.000000E+00  2.294914E+02  8.108696E+02  3.651670E+02  1.191925E-01  1.000000E+03  1.000000E+03  1.250013E+02  7.782070E+02  4.366164E+01  -9.999887E-01  3.619287E-04  4.741293E-03  -8.951872E-04  -9.935994E-01  -1.129576E-01  4.670064E-03  -1.129605E-01  9.935885E-01  1
31  6.393842E-01  -6.393842E-02  3.000000E+00  3.433858E+02  1.213296E+03  3.430709E+02  1.191925E-01  1.000000E+03  1.000000E+03  1.250057E+02  1.162328E+03  6.786662E+01  -9.999932E-01  1.245051E-04  3.681271E-03  -4.028734E-04  -9.971295E-01  -7.571378E-02  3.661277E-03  -7.571475E-02  9.971228E-01  1
76  6.393842E-01  -6.393842E-02  3.000000E+00  -1.110691E+02  -3.924442E+02  -8.463723E+01  1.191925E-01  1.000000E+03  1.000000E+03  1.250012E+02  3.827475E+02  7.281335E+01  -9.999680E-01  5.905975E-04  -7.983730E-03  2.464685E-03  9.715472E-01  -2.368332E-01  -7.616698E-03  2.368453E-01  9.715175E-01  1
44  6.393842E-01  -6.393842E-02  3.000000E+00  4.601885E+02  1.625999E+03  4.697635E+02  1.191925E-01  1.000000E+03  1.000000E+03  1.249361E+02  1.557470E+03  5.692229E+01  9.999923E-01  -3.169366E-05  -3.928552E-03  2.531994E-04  9.984085E-01  5.639590E-02  -3.920512E-03  5.639646E-02  -9.984008E-01  1
14  6.393842E-01  -6.393842E-02  3.000000E+00  -4.720845E+02  -1.668032E+03  -4.864480E+02  1.191925E-01  1.000000E+03  1.000000E+03  1.251995E+02  1.602325E+03  5.441540E+01  -9.999997E-01  1.425006E-04  -7.819467E-04  -1.850357E-04  -9.985045E-01  5.466893E-02  -7.729870E-04  5.466906E-02  9.985042E-01  1
7  6.393842E-01  -6.393842E-02  3.000000E+00  -1.326558E+02  -4.687172E+02  -6.657109E+01  1.191925E-01  1.000000E+03  1.000000E+03  1.249478E+02  4.543713E+02  7.740979E+01  -9.999736E-01  2.269339E-04  -7.262814E-03  -1.660008E-03  -9.802150E-01  1.979287E-01  -7.074203E-03  1.979356E-01  9.801895E-01  1
18  6.393842E-01  -6.393842E-02  3.000000E+00  2.630809E+02  9.295525E+02  3.351784E+02  1.191925E-01  1.000000E+03  1.000000E+03  1.250192E+02  8.913125E+02  5.458477E+01  -9.999916E-01  3.113002E-04  4.089951E-03  -7.134876E-04  -9.951164E-01  -9.870575E-02  4.039250E-03  -9.870784E-02  9.951083E-01  1
61  6.393842E-01  -6.393842E-02  3.000000E+00  3.304119E+02  1.167455E+03  3.979247E+02  1.191925E-01  1.000000E+03  1.000000E+03  1.250111E+02  1.118493E+03  4.844171E+01  -9.999936E-01  1.944279E-04  3.583751E-03  -4.752338E-04  -9.969123E-01  -7.852197E-02  3.557418E-03  -7.852317E-02  9.969059E-01  1
73  6.393842E-01  -6.393842E-02  3.000000E+00  1.326016E+02  4.685257E+02  -3.629003E+01  1.191925E-01  1.000000E+03  1.000000E+03  1.249948E+02  4.537590E+02  8.434352E+01  9.999479E-01  -1.439477E-04  -1.020564E-02  -2.183298E-03  -9.797731E-01  -2.000999E-01  9.970411E-03  -2.001118E-01  9.797223E-01  1
66  6.393842E-01  -6.393842E-02  3.000000E+00  -1.902151E+02  -6.720934E+02  7.102163E+01  1.191925E-01  1.000000E+03  1.000000E+03  1.249984E+02  6.479422E+02  1.006832E+02  9.999655E-01  3.126446E-04  8.299045E-03  -8.386527E-04  -9.903816E-01  1.383606E-01  -8.262479E-03  1.383628E-01  9.903471E-01  1
9  6.393842E-01  -6.393842E-02  3.000000E+00  1.063111E+02  3.756326E+02  8.657553E+01  1.191925E-01  1.000000E+03  1.000000E+03  1.249776E+02  3.663926E+02  7.127611E+01  -9.999549E-01  8.510148E-04  9.461054E-03  -3.172671E-03  -9.687060E-01  -2.481906E-01  8.953766E-03  -2.482094E-01  9.686650E-01  1
51  6.393842E-01  -6.393842E-02  3.000000E+00  -1.703077E+02  -6.017539E+02  6.337232E+01  1.191925E-01  1.000000E+03  1.000000E+03  1.249777E+02  5.810215E+02  9.538374E+01  9.999544E-01  3.350947E-04  9.543505E-03  -1.145697E-03  -9.879555E-01  1.547339E-01  -9.480409E-03  1.547378E-01  9.879101E-01  1
53  6.393842E-01  -6.393842E-02  3.000000E+00  1.222602E+02  4.319860E+02  -4.210805E+01  1.191925E-01  1.000000E+03  1.000000E+03  1.249578E+02  4.194413E+02  8.271657E+01  -9.999446E-01  1.717306E-04  1.052716E-02  -2.456988E-03  -9.760662E-01  -2.174596E-01  1.023786E-02  -2.174734E-01  9.760125E-01  1
47  6.393842E-01  -6.393842E-02  3.000000E+00  1.191791E+02  4.210995E+02  -2.006292E+01  1.191925E-01  1.000000E+03  1.000000E+03  1.250177E+02  4.091873E+02  8.058287E+01  -9.999516E-01  2.655151E-04  9.835677E-03  -2.450205E-03  -9.748644E-01  -2.227854E-01  9.529298E-03  -2.227987E-01  9.748179E-01  1
10  6.393842E-01  -6.393842E-02  3.000000E+00  1.573371E+02  5.559244E+02  -2.641796E+01  1.191925E-01  1.000000E+03  1.000000E+03  1.249977E+02  5.359328E+02  8.834805E+01  -9.999566E-01  7.212168E-05  9.311238E-03  -1.635766E-03  -9.857799E-01  -1.680334E-01  9.166713E-03  -1.680413E-01  9.857373E-01  1
41  6.393842E-01  -6.393842E-02  3.000000E+00  4.433674E+02  1.566565E+03  -1.049358E+02  1.191925E-01  1.000000E+03  1.000000E+03  1.249941E+02  1.500079E+03  1.673683E+02  9.999963E-01  -3.962772E-04  2.679232E-03  2.367071E-04  9.982403E-01  5.929819E-02  2.698016E-03  5.929734E-02  -9.982367E-01  1
12  6.393842E-01  -6.393842E-02  3.000000E+00  1.763251E+02  6.230154E+02  -5.189930E+01  1.191925E-01  1.000000E+03  1.000000E+03  1.249965E+02  5.996008E+02  9.478276E+01  9.999457E-01  2.484858E-04  -1.042132E-02  1.316741E-03  9.886975E-01  1.499184E-01  1.034078E-02  -1.499239E-01  9.886435E-01  1
96  6.393842E-01  -6.393842E-02  3.000000E+00  3.480358E+02  1.229726E+03  5.254019E+02  1.191925E-01  1.000000E+03  1.000000E+03  1.250365E+02  1.178435E+03  NAN  -9.999973E-01  2.187758E-04  2.302043E-03  -3.893116E-04  -9.972327E-01  -7.434274E-02  2.279408E-03  -7.434344E-02  9.972301E-01  0
43  6.393842E-01  -6.393842E-02  3.000000E+00  1.422051E+02  5.024580E+02  -1.932613E+01  1.191925E-01  1.000000E+03  1.000000E+03  1.249926E+02  4.855914E+02  8.467494E+01  -9.999520E-01  1.722775E-04  9.791736E-03  -1.991941E-03  -9.825223E-01  -1.861345E-01  9.588531E-03  -1.861450E-01  9.824755E-01  1
29  6.393842E-01  -6.393842E-02  3.000000E+00  -4.810916E+02  -1.699857E+03  1.428496E+02  1.191925E-01  1.000000E+03  1.000000E+03  1.249877E+02  1.633071E+03  1.827667E+02  9.999995E-01  -2.113252E-04  -1.025431E-03  -1.552476E-04  -9.985202E-01  5.438199E-02  1.035406E-03  5.438180E-02  9.985197E-01  1
11  6.393842E-01  -6.393842E-02  3.000000E+00  1.004524E+02  3.549318E+02  8.278709E+01  1.191925E-01  1.000000E+03  1.000000E+03  1.249656E+02  3.472778E+02  7.071408E+01  -9.999538E-01  9.207080E-04  9.566772E-03  -3.405161E-03  -9.647707E-01  -2.630701E-01  8.987531E-03  -2.630906E-01  9.647293E-01  1
59  6.393842E-01  -6.393842E-02  3.000000E+00  1.779451E+02  6.287394E+02  3.628303E+01  1.191925E-01  1.000000E+03  1.000000E+03  1.249960E+02  6.042659E+02  8.615827E+01  9.999627E-01  -2.363294E-05  -8.636391E-03  1.300793E-03  9.890006E-01  1.479057E-01  -8.537900E-03  1.479115E-01  -9.889638E-01  1
36  6.393842E-01  -6.393842E-02  3.000000E+00  1.427612E+02  5.044229E+02  7.597203E+00  1.191925E-01  1.000000E+03  1.000000E+03  1.249843E+02  4.872563E+02  8.293181E+01  9.999460E-01  -1.875915E-05  -1.039692E-02  1.942836E-03  9.827209E-01  1.850832E-01  -1.021380E-02  1.850934E-01  -9.826678E-01  1
35  6.393842E-01  -6.393842E-02  3.000000E+00  -1.155569E+02  -4.083010E+02  -7.524521E+01  1.191925E-01  1.000000E+03  1.000000E+03  1.249537E+02  3.976008E+02  7.387610E+01  -9.999641E-01  3.831585E-04  -8.463767E-03  -2.300460E-03  -9.737262E-01  2.277102E-01  -8.154143E-03  2.277215E-01  9.736922E-01  1
38  6.393842E-01  -6.393842E-02  3.000000E+00  3.377627E+02  1.193428E+03  -3.371234E+01  1.191925E-01  1.000000E+03  1.000000E+03  1.249974E+02  1.142766E+03  1.305298E+02  9.995848E-01  -2.654683E-03  2.869102E-02  4.142115E-04  9.969677E-01  7.781505E-02  2.881060E-02  7.777086E-02  -9.965549E-01  1
63  6.393842E-01  -6.393842E-02  3.000000E+00  -2.394644E+02  -8.461075E+02  6.451447E+01  1.191925E-01  1.000000E+03  1.000000E+03  1.249759E+02  8.138659E+02  1.112488E+02  9.999308E-01  6.997565E-04  1.174185E-02  -5.908335E-04  -9.939809E-01  1.095515E-01  -1.174783E-02  1.095509E-01  9.939118E-01  1
58  6.393842E-01  -6.393842E-02  3.000000E+00  -3.520688E+02  -1.243976E+03  8.126978E+01  1.191925E-01  1.000000E+03  1.000000E+03  1.250034E+02  1.194850E+03  1.409711E+02  9.999804E-01  -7.359864E-04  -6.220972E-03  -2.716534E-04  -9.972349E-01  7.431366E-02  6.258464E-03  7.431052E-02  9.972155E-01  1
23  6.393842E-01  -6.393842E-02  3.000000E+00  3.547505E+02  1.253452E+03  -7.132022E+01  1.191925E-01  1.000000E+03  1.000000E+03  1.250149E+02  1.200466E+03  1.396425E+02  9.999541E-01  -1.054441E-03  9.527718E-03  3.452185E-04  9.972482E-01  7.413491E-02  9.579670E-03  7.412821E-02  -9.972027E-01  1
77  6.393842E-01  -6.393842E-02  3.000000E+00  -1.825336E+02  -6.449521E+02  1.818439E+01  1.191925E-01  1.000000E+03  1.000000E+03  1.250006E+02  6.217483E+02  9.379976E+01  9.999652E-01  2.665887E-04  8.340291E-03  -9.367151E-04  -9.895861E-01  1.439392E-01  -8.291808E-03  1.439420E-01  9.895514E-01  1
13  6.393842E-01  -6.393842E-02  3.000000E+00  -4.563308E+02  -1.612369E+03  8.847785E+01  1.191925E-01  1.000000E+03  1.000000E+03  1.250454E+02  1.548241E+03  1.686848E+02  9.999976E-01  -3.123655E-04  -2.152006E-03  -1.886051E-04  -9.983586E-01  5.727132E-02  2.166363E-03  5.727078E-02  9.983563E-01  1
6  6.393842E-01  -6.393842E-02  3.000000E+00  -4.906983E+02  -1.733801E+03  1.382256E+02  1.191925E-01  1.000000E+03  1.000000E+03  1.249998E+02  1.666123E+03  1.848218E+02  9.999997E-01  -1.717591E-04  -8.002284E-04  -1.288635E-04  -9.985786E-01  5.329908E-02  8.082456E-04  5.329895E-02  9.985783E-01  1
27  6.393842E-01  -6.393842E-02  3.000000E+00  3.589964E+02  1.268454E+03  -9.422187E+01  1.191925E-01  1.000000E+03  1.000000E+03  1.249935E+02  1.214881E+03  1.437123E+02  9.999689E-01  -9.364581E-04  7.831479E-03  3.598606E-04  9.973095E-01  7.330533E-02  7.879055E-03  7.330023E-02  -9.972788E-01  1
75  6.393842E-01  -6.393842E-02  3.000000E+00  -2.382150E+02  -8.416930E+02  -4.132117E+01  1.191925E-01  1.000000E+03  1.000000E+03  1.250252E+02  8.077830E+02  9.888280E+01  9.999737E-01  1.660597E-04  7.256332E-03  -6.308574E-04  -9.939664E-01  1.096833E-01  -7.230764E-03  1.096850E-01  9.939401E-01  1
48  6.393842E-01  -6.393842E-02  3.000000E+00  4.231501E+02  1.495130E+03  -1.348022E+02  1.191925E-01  1.000000E+03  1.000000E+03  1.249909E+02  1.432087E+03  1.654954E+02  9.999941E-01  -4.830779E-04  3.403084E-03  2.705115E-04  9.980644E-01  6.218856E-02  3.426539E-03  6.218728E-02  -9.980586E-01  1
55  6.393842E-01  -6.393842E-02  3.000000E+00  -3.906722E+02  -1.380375E+03  9.142315E+01  1.191925E-01  1.000000E+03  1.000000E+03  1.249623E+02  1.325696E+03  1.524100E+02  9.999945E-01  -4.120161E-04  -3.305249E-03  -1.898389E-04  -9.977570E-01  6.694019E-02  3.325416E-03  6.693919E-02  9.977515E-01  1
15  6.393842E-01  -6.393842E-02  3.000000E+00  -4.200942E+02  -1.484333E+03  9.382819E+01  1.191925E-01  1.000000E+03  1.000000E+03  1.250061E+02  1.425704E+03  1.598771E+02  9.999945E-01  -4.410574E-04  -3.274555E-03  -2.364332E-04  -9.980619E-01  6.222851E-02  3.295655E-03  6.222740E-02  9.980566E-01  1
82  6.393842E-01  -6.393842E-02  3.000000E+00  4.961390E+02  1.753024E+03  4.723972E+02  1.191925E-01  1.000000E+03  1.000000E+03  1.248641E+02  1.679174E+03  6.607627E+01  9.999936E-01  -4.109868E-06  -3.591064E-03  1.920916E-04  9.986289E-01  5.234830E-02  -3.585925E-03  5.234865E-02  -9.986224E-01  1
92  6.393842E-01  -6.393842E-02  3.000000E+00  1.025585E+02  3.623734E+02  3.072015E+00  1.191925E-01  1.000000E+03  1.000000E+03  1.250018E+02  3.545337E+02  7.596494E+01  -9.999405E-01  7.165831E-04  1.088584E-02  -3.514534E-03  -9.658015E-01  -2.592586E-01  1.032778E-02  -2.592815E-01  9.657466E-01  1
89  6.393842E-01  -6.393842E-02  3.000000E+00  -3.475411E+02  -1.227979E+03  -3.109866E+02  1.191925E-01  1.000000E+03  1.000000E+03  1.249974E+02  1.179743E+03  7.728354E+01  -9.999935E-01  6.408679E-05  -3.603539E-03  -3.322193E-04  -9.972242E-01  7.445689E-02  -3.588764E-03  7.445761E-02  9.972177E-01  1
88  6.393842E-01  -6.393842E-02  3.000000E+00  -2.903657E+02  -1.025959E+03  -3.386298E+02  1.191925E-01  1.000000E+03  1.000000E+03  1.250267E+02  9.862310E+02  5.998461E+01  -9.999952E-01  1.690971E-04  -3.102305E-03  -4.444995E-04  -9.960325E-01  8.898903E-02  -3.074949E-03  8.898998E-02  9.960278E-01  1
95  6.393842E-01  -6.393842E-02  3.000000E+00  4.406788E+02  1.557065E+03  4.797637E+02  1.191925E-01  1.000000E+03  1.000000E+03  1.249538E+02  1.491344E+03  4.582471E+01  -9.999961E-01  1.084310E-04  2.782052E-03  -2.720577E-04  -9.982649E-01  -5.888235E-02  2.770840E-03  -5.888288E-02  9.982611E-01  1
83  6.393842E-01  -6.393842E-02  3.000000E+00  -3.001284E+02  -1.060454E+03  -4.138743E+02  1.191925E-01  1.000000E+03  1.000000E+03  1.249848E+02  1.019323E+03  3.916118E+01  -9.999958E-01  1.529665E-04  -2.889907E-03  -4.006719E-04  -9.963029E-01  8.590908E-02  -2.866082E-03  8.590987E-02  9.962988E-01  1
85  6.393842E-01  -6.393842E-02  3.000000E+00  -3.628282E+02  -1.281993E+03  -3.368164E+02  1.191925E-01  1.000000E+03  1.000000E+03  1.250059E+02  1.231605E+03  7.464986E+01  -9.999960E-01  5.521773E-05  -2.813259E-03  -2.556034E-04  -9.974564E-01  7.127860E-02  -2.802167E-03  7.127904E-02  9.974525E-01  1
79  6.393842E-01  -6.393842E-02  3.000000E+00  -1.778021E+02  -6.282341E+02  -2.466596E+02  1.191925E-01  1.000000E+03  1.000000E+03  1.249925E+02  6.059306E+02  6.356526E+01  9.999882E-01  -3.564967E-04  4.837738E-03  -1.058179E-03  -9.893093E-01  1.458288E-01  -4.734031E-03  1.458322E-01  9.892980E-01  1
87  6.393842E-01  -6.393842E-02  3.000000E+00  -2.443094E+02  -8.632265E+02  -3.709058E+02  1.191925E-01  1.000000E+03  1.000000E+03  1.250046E+02  8.304310E+02  4.567541E+01  -9.999942E-01  2.481042E-04  -3.389387E-03  -6.046042E-04  -9.944096E-01  1.055894E-01  -3.344242E-03  1.055909E-01  9.944040E-01  1
80  6.393842E-01  -6.393842E-02  3.000000E+00  -2.057201E+02  -7.268777E+02  -1.381327E+01  1.191925E-01  1.000000E+03  1.000000E+03  1.249923E+02  6.994077E+02  9.539844E+01  9.999689E-01  1.636690E-04  7.889586E-03  -8.420042E-04  -9.918644E-01  1.272964E-01  7.846234E-03  -1.272990E-01  -9.918333E-01  1
97  6.393842E-01  -6.393842E-02  3.000000E+00  3.624964E+02  1.280821E+03  4.248313E+02  1.191925E-01  1.000000E+03  1.000000E+03  1.250142E+02  1.227097E+03  4.634309E+01  -9.999956E-01  1.540984E-04  2.949083E-03  -3.647760E-04  -9.974354E-01  -7.157182E-02  2.930490E-03  -7.157258E-02  9.974311E-01  1
91  6.393842E-01  -6.393842E-02  3.000000E+00  -4.774510E+02  -1.686994E+03  -4.966760E+02  1.191925E-01  1.000000E+03  1.000000E+03  1.250739E+02  1.620845E+03  5.024412E+01  -9.999982E-01  4.389077E-05  -1.875462E-03  -1.452149E-04  -9.985377E-01  5.406031E-02  -1.870347E-03  5.406049E-02  9.985359E-01  1
100  6.393842E-01  -6.393842E-02  3.000000E+00  3.393452E+02  1.199020E+03  3.235865E+02  1.191925E-01  1.000000E+03  1.000000E+03  1.250143E+02  1.148687E+03  7.140250E+01  -9.999898E-01  1.065892E-04  4.519058E-03  -4.525858E-04  -9.970593E-01  -7.663221E-02  4.497600E-03  -7.663347E-02  9.970492E-01  1
93  6.393842E-01  -6.393842E-02  3.000000E+00  1.638295E+02  5.788642E+02  -1.140335E+01  1.191925E-01  1.000000E+03  1.000000E+03  1.250179E+02  5.575043E+02  8.845022E+01  -9.999584E-01  2.894927E-05  9.122038E-03  -1.498955E-03  -9.869233E-01  -1.611835E-01  8.998085E-03  -1.611905E-01  9.868823E-01  1
90  6.393842E-01  -6.393842E-02  3.000000E+00  -2.637632E+02  -9.319633E+02  9.280952E+01  1.191925E-01  1.000000E+03  1.000000E+03  1.250174E+02  8.961122E+02  1.201252E+02  9.994654E-01  2.781614E-03  3.257703E-02  -4.723801E-04  -9.950419E-01  9.945506E-02  -3.269216E-02  9.941727E-02  9.945086E-01  1
99  6.393842E-01  -6.393842E-02  3.000000E+00  4.129549E+02  1.459107E+03  -1.244583E+02  1.191925E-01  1.000000E+03  1.000000E+03  1.250635E+02  1.397643E+03  1.617586E+02  9.999956E-01  -4.792994E-04  2.928793E-03  2.916596E-04  9.979668E-01  6.373501E-02  2.953386E-03  6.373388E-02  -9.979626E-01  1
