#  index  lambda  kappa  tanbeta   mu/GeV  Alam/GeV  Akap/GeV  DeltaLambda2  M1  M2  mh125/GeV  mH/GeV  mhS/GeV  C_h125^SM  C_h125^NSM  C_h125^S  C_H^SM  C_H^NSM  C_H^S  C_hS^SM  C_hS^NSM  C_hS^S  
71  6.393842E-01  -6.393842E-02  3.000000E+00  1.032982E+02  3.649870E+02  1.552408E+02  1.191925E-01  1.000000E+03  1.000000E+03  1.249794E+02  3.565946E+02  6.553399E+01  -9.999517E-01  1.029816E-03  9.776560E-03  -3.481157E-03  -9.671508E-01  -2.541795E-01  9.193650E-03  -2.542012E-01  9.671077E-01  
1  6.393842E-01  -6.393842E-02  3.000000E+00  2.242692E+02  7.924178E+02  2.053939E+02  1.191925E-01  1.000000E+03  1.000000E+03  1.250293E+02  7.605245E+02  7.368450E+01  -9.999863E-01  2.837139E-04  5.232856E-03  -8.907340E-04  -9.932058E-01  -1.163677E-01  5.164287E-03  -1.163708E-01  9.931924E-01  
4  6.393842E-01  -6.393842E-02  3.000000E+00  -2.014597E+02  -7.118243E+02  -2.065603E+02  1.191925E-01  1.000000E+03  1.000000E+03  1.250266E+02  6.854941E+02  7.156090E+01  9.999868E-01  -2.402642E-04  5.127659E-03  -8.993788E-04  -9.916533E-01  1.289298E-01  -5.053883E-03  1.289327E-01  9.916405E-01  
33  6.393842E-01  -6.393842E-02  3.000000E+00  -2.676556E+02  -9.457165E+02  -2.076744E+02  1.191925E-01  1.000000E+03  1.000000E+03  1.249978E+02  9.091356E+02  8.167304E+01  -9.999907E-01  9.295651E-05  -4.313044E-03  -5.108290E-04  -9.952856E-01  9.698625E-02  -4.283695E-03  9.698755E-02  9.952764E-01  
70  6.393842E-01  -6.393842E-02  3.000000E+00  3.007999E+02  1.062826E+03  2.270710E+02  1.191925E-01  1.000000E+03  1.000000E+03  1.250130E+02  1.018440E+03  8.332488E+01  -9.999832E-01  3.859505E-05  5.795934E-03  -5.410536E-04  -9.962330E-01  -8.671508E-02  5.770754E-03  -8.671676E-02  9.962163E-01  
30  6.393842E-01  -6.393842E-02  3.000000E+00  4.015784E+02  1.418910E+03  1.597513E+02  1.191925E-01  1.000000E+03  1.000000E+03  1.249682E+02  1.358472E+03  1.172893E+02  9.997656E-01  1.072931E-03  -2.162587E-02  3.372926E-04  9.978786E-01  6.510112E-02  2.164984E-02  -6.509315E-02  9.976443E-01  
26  6.393842E-01  -6.393842E-02  3.000000E+00  3.104605E+02  1.096960E+03  2.419991E+02  1.191925E-01  1.000000E+03  1.000000E+03  1.249849E+02  1.051106E+03  8.257818E+01  -9.999863E-01  4.930021E-05  5.241256E-03  -4.893721E-04  -9.964661E-01  -8.399502E-02  5.218593E-03  -8.399643E-02  9.964524E-01  
50  6.393842E-01  -6.393842E-02  3.000000E+00  -2.276855E+02  -8.044888E+02  -1.408724E+02  1.191925E-01  1.000000E+03  1.000000E+03  1.249770E+02  7.737508E+02  8.449348E+01  -9.999847E-01  3.190370E-05  -5.531817E-03  -6.640948E-04  -9.934439E-01  1.143187E-01  -5.491903E-03  1.143206E-01  9.934287E-01  
81  6.393842E-01  -6.393842E-02  3.000000E+00  3.056345E+02  1.079909E+03  1.981610E+02  1.191925E-01  1.000000E+03  1.000000E+03  1.250132E+02  1.034620E+03  8.966227E+01  9.999785E-01  4.512445E-05  -6.560387E-03  5.154929E-04  9.963442E-01  8.542808E-02  -6.540259E-03  8.542962E-02  -9.963227E-01  
69  6.393842E-01  -6.393842E-02  3.000000E+00  -2.521472E+02  -8.909201E+02  -2.582239E+02  1.191925E-01  1.000000E+03  1.000000E+03  1.250248E+02  8.568216E+02  7.083492E+01  -9.999915E-01  1.338733E-04  -4.116093E-03  -5.562402E-04  -9.947035E-01  1.027847E-01  -4.080532E-03  1.027861E-01  9.946951E-01  
68  6.393842E-01  -6.393842E-02  3.000000E+00  3.268711E+02  1.154945E+03  2.767329E+02  1.191925E-01  1.000000E+03  1.000000E+03  1.250203E+02  1.106465E+03  7.908304E+01  -9.999880E-01  9.321163E-05  4.889056E-03  -4.825437E-04  -9.968194E-01  -7.969284E-02  4.866077E-03  -7.969425E-02  9.968075E-01  
56  6.393842E-01  -6.393842E-02  3.000000E+00  3.601005E+02  1.272355E+03  2.994051E+02  1.191925E-01  1.000000E+03  1.000000E+03  1.250266E+02  1.218818E+03  8.117554E+01  -9.999889E-01  6.728309E-05  4.708328E-03  -4.075150E-04  -9.973830E-01  -7.229815E-02  4.691142E-03  -7.229927E-02  9.973720E-01  
37  6.393842E-01  -6.393842E-02  3.000000E+00  2.461679E+02  8.697932E+02  2.123592E+02  1.191925E-01  1.000000E+03  1.000000E+03  1.250008E+02  8.342144E+02  7.578564E+01  -9.999793E-01  1.334175E-04  6.437809E-03  -8.149971E-04  -9.943673E-01  -1.059855E-01  6.387406E-03  -1.059885E-01  9.943468E-01  
60  6.393842E-01  -6.393842E-02  3.000000E+00  -3.995656E+02  -1.411798E+03  -2.955840E+02  1.191925E-01  1.000000E+03  1.000000E+03  1.250545E+02  1.355910E+03  9.173728E+01  9.999884E-01  1.060134E-05  4.821022E-03  -3.019470E-04  -9.978966E-01  6.482496E-02  -4.811569E-03  6.482566E-02  9.978850E-01  
16  6.393842E-01  -6.393842E-02  3.000000E+00  2.323695E+02  8.210389E+02  1.561009E+02  1.191925E-01  1.000000E+03  1.000000E+03  1.250499E+02  7.875110E+02  8.199843E+01  -9.999766E-01  8.503154E-05  6.840887E-03  -8.543275E-04  -9.936478E-01  -1.125316E-01  6.787863E-03  -1.125348E-01  9.936246E-01  
24  6.393842E-01  -6.393842E-02  3.000000E+00  -3.797813E+02  -1.341894E+03  -2.306423E+02  1.191925E-01  1.000000E+03  1.000000E+03  1.249963E+02  1.289049E+03  1.005567E+02  9.999865E-01  9.845371E-05  5.192607E-03  -2.565124E-04  -9.976638E-01  6.831495E-02  -5.187201E-03  6.831536E-02  9.976503E-01  
22  6.393842E-01  -6.393842E-02  3.000000E+00  -3.417714E+02  -1.207592E+03  -1.834022E+02  1.191925E-01  1.000000E+03  1.000000E+03  1.249973E+02  1.159822E+03  1.008559E+02  9.999812E-01  1.468740E-04  6.128624E-03  -3.194221E-04  -9.971067E-01  7.601464E-02  -6.122056E-03  7.601517E-02  9.970879E-01  
40  6.393842E-01  -6.393842E-02  3.000000E+00  2.380221E+02  8.410114E+02  8.423047E+01  1.191925E-01  1.000000E+03  1.000000E+03  1.250482E+02  8.059556E+02  9.277973E+01  9.999695E-01  8.384542E-05  -7.813834E-03  7.776596E-04  9.939107E-01  1.101854E-01  7.775492E-03  -1.101882E-01  9.938803E-01  
20  6.393842E-01  -6.393842E-02  3.000000E+00  -3.172820E+02  -1.121063E+03  -1.726341E+02  1.191925E-01  1.000000E+03  1.000000E+03  1.250021E+02  1.076920E+03  9.696285E+01  9.999855E-01  8.568716E-05  5.381142E-03  -3.554042E-04  -9.966392E-01  8.191538E-02  5.370076E-03  -8.191611E-02  -9.966248E-01  
21  6.393842E-01  -6.393842E-02  3.000000E+00  -2.578705E+02  -9.111424E+02  -5.216379E+01  1.191925E-01  1.000000E+03  1.000000E+03  1.249993E+02  8.741753E+02  1.019348E+02  9.999742E-01  2.095637E-04  7.180457E-03  -5.185946E-04  -9.948602E-01  1.012565E-01  -7.164771E-03  1.012576E-01  9.948344E-01  
78  6.393842E-01  -6.393842E-02  3.000000E+00  -1.007781E+02  -3.560826E+02  -1.370484E+02  1.191925E-01  1.000000E+03  1.000000E+03  1.249739E+02  3.489334E+02  6.771629E+01  -9.999664E-01  8.555386E-04  -8.148717E-03  2.947428E-03  9.655173E-01  -2.603222E-01  -7.645011E-03  2.603375E-01  9.654874E-01  
17  6.393842E-01  -6.393842E-02  3.000000E+00  -4.642341E+02  -1.640294E+03  -6.569597E+00  1.191925E-01  1.000000E+03  1.000000E+03  1.251214E+02  1.572702E+03  1.574802E+02  9.999976E-01  -3.100250E-04  -2.167718E-03  -1.878185E-04  -9.984223E-01  5.615022E-02  2.181706E-03  5.614968E-02  9.984200E-01  
98  6.393842E-01  -6.393842E-02  3.000000E+00  1.441760E+02  5.094219E+02  1.442718E+02  1.191925E-01  1.000000E+03  1.000000E+03  1.250030E+02  4.917617E+02  7.040165E+01  -9.999735E-01  5.357355E-04  7.254081E-03  -1.844824E-03  -9.833551E-01  -1.816849E-01  7.036003E-03  -1.816935E-01  9.833300E-01  
52  6.393842E-01  -6.393842E-02  3.000000E+00  2.220372E+02  7.845314E+02  6.443671E+01  1.191925E-01  1.000000E+03  1.000000E+03  1.250273E+02  7.516358E+02  9.189251E+01  9.999635E-01  1.076722E-04  -8.546759E-03  9.033963E-04  9.929887E-01  1.182063E-01  -8.499562E-03  1.182097E-01  -9.929523E-01  
28  6.393842E-01  -6.393842E-02  3.000000E+00  1.605719E+02  5.673540E+02  1.996758E+02  1.191925E-01  1.000000E+03  1.000000E+03  1.249951E+02  5.467685E+02  6.607298E+01  9.999767E-01  -5.007121E-04  -6.814665E-03  -1.601938E-03  -9.866959E-01  -1.625686E-01  6.642602E-03  -1.625757E-01  9.866737E-01  
45  6.393842E-01  -6.393842E-02  3.000000E+00  3.130219E+02  1.106011E+03  1.737831E+02  1.191925E-01  1.000000E+03  1.000000E+03  1.249672E+02  1.059620E+03  9.467707E+01  9.999741E-01  9.680972E-05  -7.192952E-03  5.039495E-04  9.965100E-01  8.347175E-02  -7.175930E-03  8.347321E-02  -9.964842E-01  
42  6.393842E-01  -6.393842E-02  3.000000E+00  1.746175E+02  6.169818E+02  1.173676E+02  1.191925E-01  1.000000E+03  1.000000E+03  1.249765E+02  5.933151E+02  7.735523E+01  9.999722E-01  -2.663206E-04  -7.447189E-03  -1.381298E-03  -9.886671E-01  -1.501180E-01  7.322811E-03  -1.501241E-01  9.886400E-01  
94  6.393842E-01  -6.393842E-02  3.000000E+00  4.640463E+02  1.639630E+03  3.624735E+02  1.191925E-01  1.000000E+03  1.000000E+03  1.249283E+02  1.570151E+03  9.029551E+01  9.999859E-01  6.854637E-05  -5.317928E-03  2.296809E-04  9.984274E-01  5.605872E-02  -5.313408E-03  5.605915E-02  -9.984133E-01  
39  6.393842E-01  -6.393842E-02  3.000000E+00  3.689937E+02  1.303778E+03  1.268028E+02  1.191925E-01  1.000000E+03  1.000000E+03  1.250210E+02  1.248264E+03  1.152812E+02  9.998495E-01  8.649498E-04  -1.732702E-02  3.656595E-04  9.974838E-01  7.089380E-02  -1.734474E-02  7.088946E-02  -9.973334E-01  
32  6.393842E-01  -6.393842E-02  3.000000E+00  -3.594864E+02  -1.270185E+03  -1.010932E+02  1.191925E-01  1.000000E+03  1.000000E+03  1.250133E+02  1.219251E+03  1.175892E+02  9.998647E-01  9.192331E-04  1.642112E-02  -2.725512E-04  -9.973737E-01  7.242705E-02  -1.644457E-02  7.242173E-02  9.972385E-01  
46  6.393842E-01  -6.393842E-02  3.000000E+00  1.449951E+02  5.123160E+02  1.089120E+02  1.191925E-01  1.000000E+03  1.000000E+03  1.250139E+02  4.942251E+02  7.393817E+01  -9.999684E-01  5.275509E-04  7.933483E-03  -1.956055E-03  -9.834530E-01  -1.811527E-01  7.706641E-03  -1.811625E-01  9.834230E-01  
74  6.393842E-01  -6.393842E-02  3.000000E+00  3.909080E+02  1.381208E+03  9.263374E+01  1.191925E-01  1.000000E+03  1.000000E+03  1.249239E+02  1.321841E+03  1.254727E+02  9.492486E-01  -2.136851E-02  3.138001E-01  3.184780E-04  9.977543E-01  6.697962E-02  3.145266E-01  6.348037E-02  -9.471237E-01  
62  6.393842E-01  -6.393842E-02  3.000000E+00  -4.172325E+02  -1.474222E+03  -1.122740E+02  1.191925E-01  1.000000E+03  1.000000E+03  1.250187E+02  1.415357E+03  1.300419E+02  9.998094E-01  -1.434710E-03  -1.947232E-02  -2.174887E-04  -9.980531E-01  6.236902E-02  1.952389E-02  6.235290E-02  9.978632E-01  
5  6.393842E-01  -6.393842E-02  3.000000E+00  -4.967688E+02  -1.755250E+03  -2.178844E+02  1.191925E-01  1.000000E+03  1.000000E+03  1.251266E+02  1.685432E+03  1.303683E+02  9.999082E-01  -8.845559E-04  -1.351872E-02  -1.768957E-04  -9.986336E-01  5.225850E-02  1.354647E-02  5.225131E-02  9.985421E-01  
84  6.393842E-01  -6.393842E-02  3.000000E+00  -4.973918E+02  -1.757451E+03  -1.759111E+02  1.191925E-01  1.000000E+03  1.000000E+03  1.251135E+02  1.686804E+03  1.379227E+02  9.999219E-01  -8.287455E-04  -1.246989E-02  -1.761633E-04  -9.986344E-01  5.224299E-02  1.249615E-02  5.223672E-02  9.985565E-01  
65  6.393842E-01  -6.393842E-02  3.000000E+00  3.930940E+02  1.388932E+03  4.067316E+01  1.191925E-01  1.000000E+03  1.000000E+03  1.250336E+02  1.327390E+03  1.340752E+02  9.998586E-01  -1.438501E-03  1.675239E-02  3.180157E-04  9.977733E-01  6.669656E-02  1.681103E-02  6.668180E-02  -9.976327E-01  
34  6.393842E-01  -6.393842E-02  3.000000E+00  4.983125E+02  1.760704E+03  2.306086E+02  1.191925E-01  1.000000E+03  1.000000E+03  1.251076E+02  1.685912E+03  1.280082E+02  9.993429E-01  -2.104288E-03  3.618405E-02  2.063959E-04  9.986275E-01  5.237498E-02  3.624460E-02  5.233310E-02  -9.979717E-01  
8  6.393842E-01  -6.393842E-02  3.000000E+00  -3.569859E+02  -1.261350E+03  -6.517436E+01  1.191925E-01  1.000000E+03  1.000000E+03  1.250047E+02  1.210395E+03  1.224717E+02  9.988796E-01  3.181758E-03  4.721676E-02  -2.745206E-04  -9.973309E-01  7.301386E-02  -4.732305E-02  7.294501E-02  9.962126E-01  
67  6.393842E-01  -6.393842E-02  3.000000E+00  3.132666E+02  1.106875E+03  8.875447E+01  1.191925E-01  1.000000E+03  1.000000E+03  1.250059E+02  1.059663E+03  1.079963E+02  9.999406E-01  4.475506E-04  -1.088744E-02  4.643838E-04  9.964981E-01  8.361372E-02  1.088674E-02  -8.361381E-02  9.964388E-01  
49  6.393842E-01  -6.393842E-02  3.000000E+00  3.973849E+02  1.404093E+03  2.901665E+01  1.191925E-01  1.000000E+03  1.000000E+03  1.250205E+02  1.338065E+03  1.367606E+02  9.999496E-01  -9.796863E-04  9.991066E-03  3.181769E-04  9.978197E-01  6.599791E-02  1.003394E-02  6.599141E-02  -9.977697E-01  
86  6.393842E-01  -6.393842E-02  3.000000E+00  -4.928918E+02  -1.741551E+03  -1.817683E+01  1.191925E-01  1.000000E+03  1.000000E+03  1.250556E+02  1.667904E+03  1.631673E+02  9.999985E-01  -2.465996E-04  -1.705878E-03  -1.560251E-04  -9.986002E-01  5.289334E-02  1.716533E-03  5.289299E-02  9.985987E-01  
